010010010 000000000000 00000000000000
000010010 000011000100 00010000000000
000011101 100000000010 00011011000000
000011000 100000000010 00011011000000
011010100 000000000000 00000000000000
000010010 000011000100 00010000010000
000011001 100000000010 00011011000001
000010111 100000000010 00011011000001
000000000 000000000000 00000000000000
000010010 000011000100 00010000100000
000000000 000000000000 00000000000000
000000000 000000000000 00000000000000
000010010 000000100000 10011000000000
000010010 000011000001 00010000000000
000010010 000011000010 10000101000001
000011100 100000000010 00000000000000
001010000 000000000000 00000000001110
001010001 000000000000 00000000001100
000100001 100000110000 00000000000000
000100001 100000110000 00000000000000
000010010 000010110000 10111000000000
000010010 000010110000 10100110000001
000010010 000000100000 10000100000001
000010000 010000000100 00000000110010
000010001 010000000100 00000000110000
001011001 010000000000 00000000001010
000000000 000000000000 00000000000000
000010010 000011001000 00000000000010
001011100 010010010000 00100000001010
001011101 010000000000 00000000001000
000010010 000000101000 01000000000010
000010010 000011001000 00000000000000
100000000 000100000000 00000000000000
001100001 010000000000 00000000001010
000000000 000000000000 00000000000000
000100000 001000001000 00000000000010
000000000 000000000000 00000000000000
000000000 000000000000 00000000000000
000000000 000000000000 00000000000000
000000000 000000000000 00000000000000
000000000 000000000000 00000000000000
000000000 000000000000 00000000000000
000000000 000000000000 00000000000000
000000000 000000000000 00000000000000
000000000 000000000000 00000000000000
000000000 000000000000 00000000000000
000000000 000000000000 00000000000000
000000000 000000000000 00000000000000
000000000 000000000000 00000000000000
000000000 000000000000 00000000000000
000000000 000000000000 00000000000000
000000000 000000000000 00000000000000
000000000 000000000000 00000000000000
000000000 000000000000 00000000000000
000000000 000000000000 00000000000000
000000000 000000000000 00000000000000
000000000 000000000000 00000000000000
000000000 000000000000 00000000000000
000000000 000000000000 00000000000000
000000000 000000000000 00000000000000
000000000 000000000000 00000000000000
000000000 000000000000 00000000000000
000000000 000000000000 00000000000000
000000000 000000000000 00000000000000
