01001001000000000000001000000000000
00001001000001100010001010000000000
00001110110000000001001011011000000
00001100010000000001001011011000000
01101010000000000000001000000000000
00001001000001100010001010000010000
00001100110000000001001011011000001
00001011110000000001001011011000001
00000000000000000000001000000000000
00001001000001100010001010000100000
00000000000000000000001000000000000
00000000000000000000001000000000000
00001001000000010000010011000000000
00001001000001100000101010000000000
00001001000001100001001000101000001
00001110010000000001001000000000000
00101000000000000000001000000001110
00101000100000000000001000000001100
00010000110000011000001000000000000
00010000110000011000001000000000000
00001001000001011000010111000000000
00001001000001011000010100110000001
00001001000000010000010000100000001
00001000001000000010001000000110010
00001000101000000010001000000110000
00101100101000000000001000000001000
00000000000000000000001000000000000
00001001000001100100001000000000010
00101110001001001000001100000001000
00101110101000000000001000000001000
00001001000000010100000000000000010
00001001000001100100001000000000000
10000000000010000000001000000000000
00110000101000000000001000000001000
00000000000000000000001000000000000
00010000000100000100001000000000010
00000000000000000000001000000000000
00000000000000000000001000000000000
00000000000000000000001000000000000
00000000000000000000001000000000000
00000000000000000000001000000000000
00000000000000000000001000000000000
00000000000000000000001000000000000
00000000000000000000001000000000000
00000000000000000000001000000000000
00000000000000000000001000000000000
00000000000000000000001000000000000
00000000000000000000001000000000000
00000000000000000000001000000000000
00000000000000000000001000000000000
00000000000000000000001000000000000
00000000000000000000001000000000000
00000000000000000000001000000000000
00000000000000000000001000000000000
00000000000000000000001000000000000
00000000000000000000001000000000000
00000000000000000000001000000000000
00000000000000000000001000000000000
00000000000000000000001000000000000
00000000000000000000001000000000000
00000000000000000000001000000000000
00000000000000000000001000000000000
00000000000000000000001000000000000
00000000000000000000001000000000000
