01001001000000000000010000000000000
000010010############10010000000000
000011101############10011011000000
000011000############10011011000000
01101010000000000000010000000000000
000010010############10010000010000
000011001############10011011000001
000010111############10011011000001
00000000000000000000010000000000000
000010010############10010000100000
00000000000000000000010000000000000
00000000000000000000010000000000000
00001001000000010000000011000000000
000010010############10010000000000
00001001000001000001010000101000001
00001110010000000001010000000000000
00101000000000000000010000000001110
00101000100000000000010000000001100
000100001############10000000000000
000100001############10000000000000
00001001000001011000000111000000000
00001001000001011000000100110000001
00001001000000010000000000100000001
00001000001000000010010000000110010
00001000101000000010010000000110000
00101100101000000000010000000001000
00000000000000000000010000000000000
00001001000001100100010000000000010
00101110001001001000010100000001000
00101110101000000000010000000001000
00001001000000010100001000000000010
00001001000001100100010000000000000
10000000000010000000010000000000000
001100001############10000000001000
00000000000000000000010000000000000
000100000############10000000000010
00000000000000000000010000000000000
00000000000000000000010000000000000
00000000000000000000010000000000000
00000000000000000000010000000000000
00000000000000000000010000000000000
00000000000000000000010000000000000
00000000000000000000010000000000000
00000000000000000000010000000000000
00000000000000000000010000000000000
00000000000000000000010000000000000
00000000000000000000010000000000000
00000000000000000000010000000000000
00000000000000000000010000000000000
00000000000000000000010000000000000
00000000000000000000010000000000000
00000000000000000000010000000000000
00000000000000000000010000000000000
00000000000000000000010000000000000
00000000000000000000010000000000000
00000000000000000000010000000000000
00000000000000000000010000000000000
00000000000000000000010000000000000
00000000000000000000010000000000000
00000000000000000000010000000000000
00000000000000000000010000000000000
00000000000000000000010000000000000
00000000000000000000010000000000000
00000000000000000000010000000000000